5.0082
2.2606
4.0777
2.2603
6.4520
10.2285
4.5084
8.5722
3.5704
5.3273

5.0636
8.4805
3.4803
3.6392
5.3029
6.9035
2.1284
6.9297
2.8826
3.7436

8.1205
6.3952
3.2091
5.3900
6.3925
5.7886
4.5377
5.5229
3.2740
7.0660
5.0940
3.2501

3.4525
3.9235
7.1055
2.8152
3.2744
6.1543
3.7438
1.0916
1.6493
2.7758
5.8671
10.5928
6.3018

1.7536
3.6043
9.0062
4.3387
2.4452
5.3173
5.7578
0.9174
5.6783
5.1346
7.5544
4.4721

10.6145
4.0339
8.6003
2.3836
1.5564
0.4024
3.9807
5.4334
3.1858
6.1586
2.2240
5.8611

1.2600
6.7223
4.6562
9.1300
7.0577
4.3633
5.7240
4.3393
2.4704
4.4859
3.8321

0.8019
3.6616
3.2714
6.4649
7.7509
5.9975
1.1029
2.9020
1.3497

5.7336
4.5182
3.6365
3.5345
8.9894
2.1885
5.9507
6.1932
5.4617

3.7187
4.7532
4.5383
3.2010
3.5019
3.3823
1.3878
5.8485

5.7299
17.4589
4.0545
6.0742
2.4005
2.0706
5.6674
3.3814
3.1895

3.1639
1.9905
1.6436
5.1569
7.9402
0.7438
6.8678

3.3233
7.3872
2.6855
5.9792
4.6931
1.8453
6.7061

9.3927
6.4904
3.0775
3.6047
0.6024
3.8098
6.0845

5.8186
1.7809
5.8458
7.5431
13.8634
1.4074
9.4473
3.2457
3.6245

0.9998
2.3473
4.4350
8.6542
2.7184
4.5539
0.9352
1.6449
4.2154

8.2451
2.9657
3.9730
2.6715
4.5329
5.4496
1.9997
5.8952
5.0717

3.6491
1.8281
1.8309
3.8371
2.3049
5.3876
3.8521
1.9724

3.0401
7.4316
2.3198
4.9461
8.8960
4.3286
3.2234
4.2258
4.8529

4.1740
2.9086
3.5858
4.7818
4.5459
3.3739
3.9475
7.3624
3.5788

1.6000
0.5082
6.6369
5.0249
6.0661
2.7157
1.6696
1.9530
6.4028

6.9354
6.1302
5.5866
6.3429
6.0891
7.0391
11.8609
9.6667

8.9702
1.5459
2.7198
7.9072
1.2313
2.2312
5.3216
1.2582
7.5301
3.6447

11.2502
4.8710
5.1775
0.6413
0.9414
3.4301
4.7693
0.9004
3.3479
2.8826

6.8605
8.2517
3.6093
0.6995
4.1056
1.6685
4.2431
3.6959

3.1033
4.7530
4.9940
2.3515
0.9339
7.5268
3.9415
5.0145

2.8087
1.3254
8.7421
2.7881
1.3050
3.5649
2.9325
7.3096
4.2876
1.3114

4.5942
4.2527
5.8736
5.5058
3.5530
4.4380
8.4343
4.4077
2.0069
4.7864

2.9339
2.8667
3.2436
2.5267
4.8774
1.1713
1.7910
7.4688
8.0794
4.3335

6.1738
8.3687
8.2354
0.8652
7.6139
6.6637
5.4383
4.4993
6.8827
2.5740
5.4312

2.7698
2.3959
7.0121
8.1891
2.1295
7.7703
4.6017
7.0984
7.1086
3.3195

7.8119
4.1989
1.3315
2.5164
6.0798
0.3476
2.4337
12.7128
2.3919
6.5398

6.1759
3.7570
5.0965
4.8527
4.7734
5.0028
3.3752
5.0760
1.8839
7.2666

6.7007
9.2515
3.1024
3.0711
2.6803
4.5485
2.8103
1.7152
4.2446
2.5526

5.5933
1.3308
5.7047
10.0239
6.0051
5.7037
4.7727
4.8116
4.2553

6.8151
5.7742
1.3928
6.0275
2.7122
7.8190
7.5877
5.9455

2.1817
4.8090
5.5275
5.2201
3.7655
3.4082
2.7243
2.8808

8.4674
3.3503
3.3250
8.0549
5.1223
2.9867
6.6130
2.4785

2.9224
6.0187
4.7493
3.8500
4.9194
3.5739
2.0833
3.0628

3.4706
5.2056
4.7860
5.7043
8.6292
4.1654
2.7384

6.8549
0.6769
5.0590
3.1407
9.0610
2.3443
3.6561

7.2251
2.0530
2.4710
4.9566
4.5697
6.8661
5.2564

5.6250
3.0708
4.8884
1.7881
3.1820
5.3366
3.9716

4.7217
4.3026
1.4845
3.4686
5.0603
5.7314
10.1014
2.8398

3.5326
6.7944
2.5971
3.3030
5.7181
6.7438
7.0695
4.3818
2.9222

3.8601
5.6908
4.6026
3.7797
3.7663
1.9214
3.0742
1.8872

8.3482
6.2831
1.9806
10.3040
9.8527
4.4991
10.7870
3.6651

6.5769
2.6536
2.7351
4.3113
3.3672
5.3771
6.9214
4.5131

5.2738
0.5633
1.7892
8.4188
4.3179
2.7170
11.9506
4.3991

2.6652
7.8420
3.0975
2.9276
3.8754
1.9674
5.7413
11.7398
6.4185

5.1109
3.9098
5.0524
2.9220
5.8781
5.2996
3.4872
7.3501
7.4060

7.4741
4.6044
7.5241
5.5890
1.1872
4.9418
1.8745

5.1265
5.2433
6.6309
1.8806
2.6938
7.9591
3.1025
3.4244

4.0080
5.7128
3.1949
5.2639
1.6452
3.8735
4.8663
8.0609

4.5234
2.2600
10.0730
7.0331
3.7815
6.0763
4.5076
6.4541
5.7192


Flat profile of 2.56 secs (191 total ticks): AWT-Shutdown

  Thread-local ticks:
100.0%   191             Blocked (of total)

7.8128
6.5694
4.0771
2.5250
11.7124
8.5912
3.6996
5.0985
2.8462

8.6394
6.2953
5.0545
6.1637
6.9160
7.1352
5.8423
2.0820
6.9036
4.2451

3.3252
4.2329
8.0051
8.0857
3.9032
6.7452
3.3108
5.8335

1.9820
8.1598
6.5379
5.6094
6.9235
2.3564
2.0563

2.7867
1.4499
4.9834
2.5108
1.2387
2.0077
6.1598
3.2808

6.3960
2.6180
4.9885
7.1396
0.4677
2.2944
6.7567
1.4563
4.0801

4.2233
6.0963
3.7484
5.0809
2.2421
2.7468
2.8764
7.6108

2.5782
3.0782
4.2653
6.6068
5.3638
11.4608
2.6725
4.9066

3.8213
4.6801
8.8794
4.6718
1.4204
4.3154
3.2490
3.7363
7.8785

10.9410
2.3260
8.0464
2.3027
4.9244
4.4795
2.6399
2.7362
3.6554
5.3572

3.1607
2.8012
4.5104
1.6575
6.8036
0.6554
2.1925
7.2649

5.6280
11.2243
3.3463
1.4546
4.0047
3.8664
5.7655
4.9756

3.4344
1.8084
3.8305
0.7736
1.9562
6.7303
6.1763

2.4134
0.7342
8.2030
2.9760
1.8796
5.0032
4.0979
5.1807
7.5504

6.1844
0.2109
8.0603
6.5804
7.0099
5.2002
2.7501
5.4108
3.4345
2.3362

7.4750
4.8910
4.0170
2.3763
7.9895
7.9553
21.1587
2.7166
11.1279

1.3359
1.9012
6.5214
6.7484
4.9522
4.2092
3.3260
3.7627
2.2485

2.7003
3.2858
3.0201
2.7044
3.4479
9.9506
2.2520
4.8926
2.3991
0.9852

1.3429
3.7297
1.5228
4.4228
8.3228
3.2344
6.6441
4.4979

2.5538
5.5635
1.8588
1.8682
4.6335
1.0869
4.4124
10.2801
7.2867

6.6747
2.9374
4.5543
2.4141
5.4468
5.0867
8.4934
4.3662
0.4144
2.4303

5.4132
8.5854
1.7406
1.2852
3.3192
2.5495
6.7910
6.3865
8.7375
3.6995

9.9563
7.1666
4.8083
1.5506
12.8277
5.2909
3.1501
2.0070
3.5497

4.4633
4.6984
7.4605
9.2139
5.8354
6.6664
6.9179
0.8417
5.6366
9.5141

3.5428
6.0928
8.5292
3.6510
2.0692
6.8073
4.0703

3.8111
4.5719
4.2411
4.1250
1.2149
6.1693
7.7520

1.9781
4.5890
5.4724
3.8700
5.8478
4.5273
2.3186

9.3044
9.2779
3.6201
4.3600
2.8355

5.7493
3.0573
7.1172
4.5801
1.5468


Flat profile of 1.00 secs (79 total ticks): AWT-Shutdown

  Thread-local ticks:
100.0%    79             Blocked (of total)

6.5719
10.2493
2.9378
1.4136

3.7126
6.6062
6.7298
2.6171
9.1714

3.9325
2.9257
4.9941
5.8294
9.2083
3.2765

4.9063
4.4400
7.9868
0.7621
3.0646
7.3223

5.1158
4.1655
6.8571
2.3360

6.7852
3.1156
7.0366
2.6737
9.8235

3.3148
1.7938
3.3132
6.5488
4.0025
6.8505
4.5425

5.5437
2.3440
5.5040
2.1683
9.5586
4.6500
13.0344

11.8990
7.4782
2.4908
7.1798
3.6475
5.8377
3.7986

7.8675
1.1536
5.8149
1.2750
5.5518
5.7538
3.8306

6.4372
3.5544
3.9158
3.6902
3.3833
6.3041
2.9317

6.1261
3.9961
4.3307
3.4689

4.2927
0.6065
3.3860

5.6283
5.2625
3.0080

4.3379

3.5235

7.5028
1.4682
2.8507

5.4874
10.5770
1.2944

3.3288
8.5818
9.0589

3.8155
4.9133
4.0955
7.0639

7.5925
7.3439
3.5480
4.7348
4.2414

1.3778
5.9789
11.2068
1.7075

4.7454
9.5894
8.5780

2.2822
5.3407
7.4684
3.9436

20.1843
2.7524
0.5320
5.5279
8.9472

6.7290
5.1728
4.6474
7.7686
1.3404

5.1501
2.0666
2.7191

2.0936
6.6304
8.4607

7.1417
2.1467

8.4039
2.5557
4.9425

5.0879
4.1926
6.2199
5.5017

2.1539
5.0193
5.9182
8.8549
7.8580
2.2113

0.1694
6.6339
7.8262
2.7998
3.8541

6.1941
2.0586
6.0015
4.2858

4.5797
3.0168
7.4839
8.6692
12.0623
6.6025

3.3754
1.4239
2.2711
4.4641
6.5427

8.4713
10.8103
4.2261
3.2164

15.4394
7.1714
1.3017
8.1774
6.5573


Flat profile of 1.00 secs (87 total ticks): AWT-Shutdown

  Thread-local ticks:
100.0%    87             Blocked (of total)

5.0074
4.2979
16.5386
1.6219
6.0171

3.4649
2.5521
2.2590
2.1706
3.9943

8.7096
5.0429
7.8019
5.4604
5.7587

1.8567
2.9630
8.3435
5.7101

7.1160
6.0719
4.2198
3.7892
4.0490
3.7286

5.2912
5.1350
4.0101
4.9854
2.1767
7.5308

3.4471
5.7690
3.5747
11.5717
4.7479
1.7836

5.7009
9.1592
2.2380
2.4412
5.9074
4.2089

5.6671
2.5632
1.5854
4.1488
18.2766
8.5380
5.7472

2.8577
2.3050
6.7148
4.1656
5.6389
0.8931

4.9072
5.4605
4.7887
6.3443
0.9165
7.0005

4.5306
0.7340
4.0686
3.2077
6.1118
6.3040
7.5554

5.1956
6.1915
1.1154
2.2869
5.5618
6.4482
8.5672

6.7914
7.1999
4.6995
3.6566
4.4664
5.5272

7.6390
2.3696
4.5569
9.7417
5.6746
4.6368

5.1997
3.0082
4.4016
3.9200

2.9050
6.6381
1.5076

4.9710
6.6080
6.3356
11.1794
6.8560

2.8921
1.9573
6.5639
11.2747
4.4891
6.4365
7.6684

2.6666
4.3738
0.4726
3.8595
4.9145
5.8300
5.8021

1.7680
0.4860
3.9220
0.9038
11.5693
8.1694
5.3727

2.0332
9.7456
4.2782
5.6769
4.2293
3.2901

1.3176
6.7899
2.6367
3.2720
2.2853
4.2944
2.4825

4.9113
1.5680
6.3353
4.1869
0.3564
7.1558
10.8734

6.6472
4.5343
7.0381
3.5728
7.9344
1.5665

8.4305
2.7241
1.5732
9.4455
9.2249
3.6255

4.1482
0.6411
1.5694
13.7118
3.4126
8.4833

5.5326
5.5520
2.7956
7.7082
6.4482

3.8238
6.6766
4.9595
20.5210
10.2290
1.9853

5.7133
3.7552
2.5210
2.2269
8.6841
10.7891

1.9917
8.0887
10.9327
5.3483
5.6638
4.7681

7.8815
6.6657
8.1012
2.3286
3.2819
2.5566
3.4464

1.9860
2.2148
6.5068
1.4560

3.2397
7.6873
0.6829

4.1543
1.7128
5.4523

3.3491
5.0144
6.4014

8.8707
4.1962
11.6065

5.6468
1.4571
1.6673
4.9174

4.3605
2.5115
4.0414
6.0371

1.8549
6.3529
2.3093
7.9393

7.7424
1.1149
3.4428
0.7562

5.2561
2.3483
9.4726
6.9305
9.9184

1.9189
2.3106
6.3024
3.0407
9.5146

5.3857
8.2849
1.6007
6.0169
9.5041

4.6943
3.2349
2.6592
5.7620

1.7864
3.6172
2.6267
1.7076

9.8417
7.6790
7.5363

8.0315
4.6678
6.0578
6.7667

4.4127
1.5214
1.9063
2.3932

5.1868
3.2916
9.4716
4.0552

7.9698
5.9808
3.9093
12.5588

8.2622
4.6668
5.7565
4.7443

6.4042
5.8442
2.1345
6.9297

6.5292
8.1442
5.6728
3.9164
5.4955
5.0881

0.9236
3.1036
4.8341
3.7646

3.2488
7.1097
5.6750

7.3836
4.3310
4.1551

8.8953
3.7061
10.0811

4.4230
5.0219

7.3036
4.0035

5.4394
2.6625

2.7091
4.4276

7.8545
5.1345

6.8944
3.1904

5.2995
1.9256

2.1625
7.1396

4.1965
9.8735
4.4898

2.9943
2.6577
8.0771

3.5197
1.6632
5.9377

1.7211
8.6018
5.4089

5.6823
3.5365
2.9932

4.8860
7.6818
5.2358

6.2238
4.8244
11.0318

3.8434
1.3660
8.0720

2.0409
2.6608
9.5896

8.6452
3.8207
1.5241

1.0590
4.1427
5.1858


Flat profile of 6.95 secs (554 total ticks): main

  Interpreted + native   Method                        
 16.1%     3  +    86    com.sun.imageio.plugins.jpeg.JPEGImageReader.readImage
  4.9%     0  +    27    java.lang.ClassLoader$NativeLibrary.load
  1.4%     0  +     8    java.io.RandomAccessFile.open
  0.5%     0  +     3    java.util.zip.ZipFile.open
  0.2%     1  +     0    sun.util.calendar.ZoneInfoFile$Checksum.update
  0.2%     1  +     0    java.awt.Image.<clinit>
  0.2%     1  +     0    sun.invoke.util.ValueConversions.newWrapperCaches
  0.2%     1  +     0    javax.imageio.stream.FileImageInputStream.read
  0.2%     1  +     0    javax.imageio.stream.ImageInputStreamImpl.<init>
  0.2%     1  +     0    java.util.Vector.<init>
  0.2%     1  +     0    java.util.zip.ZipUtils.dosToJavaTime
  0.2%     1  +     0    sun.awt.AppContext.<clinit>
  0.2%     1  +     0    java.util.Hashtable.<init>
  0.2%     1  +     0    BlobFinder.<init>
  0.2%     1  +     0    java.util.zip.ZipCoder.getBytes
  0.2%     1  +     0    sun.security.util.SecurityConstants.<clinit>
  0.2%     1  +     0    java.util.Formatter$FormatSpecifier.<init>
  0.2%     1  +     0    BeadTracker.main
  0.2%     1  +     0    java.lang.invoke.LambdaForm.<clinit>
  0.2%     0  +     1    java.lang.Class.getComponentType
  0.2%     1  +     0    sun.awt.image.ByteInterleavedRaster.putByteData
  0.2%     0  +     1    java.io.RandomAccessFile.read
  0.2%     0  +     1    com.sun.imageio.plugins.jpeg.JPEGImageReader.resetReader
  0.2%     0  +     1    java.lang.ClassLoader$NativeLibrary.find
  0.2%     1  +     0    java.security.AccessController.doPrivileged
 27.1%    20  +   130    Total interpreted (including elided)

     Compiled + native   Method                        
 64.6%   346  +    12    Picture.get
  4.9%    25  +     2    BlobFinder.<init>
  0.4%     1  +     1    com.sun.imageio.plugins.jpeg.JPEGImageReader.acceptPixels
  0.2%     0  +     1    java.util.ArrayList.add
 70.0%   372  +    16    Total compiled

         Stub + native   Method                        
  0.7%     0  +     4    java.io.RandomAccessFile.readBytes
  0.5%     0  +     3    java.lang.Object.hashCode
  0.4%     0  +     2    java.io.FileOutputStream.writeBytes
  0.4%     0  +     2    java.lang.Object.getClass
  0.2%     0  +     1    java.lang.Class.getClassLoader0
  0.2%     0  +     1    java.io.RandomAccessFile.seek0
  0.2%     0  +     1    java.lang.System.arraycopy
  2.5%     0  +    14    Total stub

  Thread-local ticks:
  0.2%     1             Class loader
  0.2%     1             Unknown: no last frame


Flat profile of 3.95 secs (340 total ticks): AWT-Shutdown

  Thread-local ticks:
100.0%   340             Blocked (of total)


Flat profile of 1.82 secs (164 total ticks): DestroyJavaVM

  Thread-local ticks:
100.0%   164             Blocked (of total)


Flat profile of 8.29 secs (677 total ticks): Java2D Disposer

     Compiled + native   Method                        
100.0%     0  +     1    com.sun.imageio.stream.CloseableDisposerRecord.dispose
100.0%     0  +     1    Total compiled

  Thread-local ticks:
 99.9%   676             Blocked (of total)


Flat profile of 8.67 secs (710 total ticks): AWT-AppKit

  Thread-local ticks:
100.0%   710             Unknown: no last frame


Global summary of 8.77 seconds:
100.0%   727             Received ticks
  1.1%     8             Received GC ticks
  5.9%    43             Compilation
  0.1%     1             Class loader
 97.8%   711             Unknown code
