5.0082
2.2606
4.0777
2.2603
6.4520
10.2285
4.5084
8.5722
3.5704
5.3273

5.0636
8.4805
3.4803
3.6392
5.3029
6.9035
2.1284
6.9297
2.8826
3.7436

8.1205
6.3952
3.2091
5.3900
6.3925
5.7886
4.5377
5.5229
3.2740
7.0660
5.0940
3.2501

3.4525
3.9235
7.1055
2.8152
3.2744
6.1543
3.7438
1.0916
1.6493
2.7758
5.8671
10.5928
6.3018

1.7536
3.6043
9.0062
4.3387
2.4452
5.3173
5.7578
0.9174
5.6783
5.1346
7.5544
4.4721

10.6145
4.0339
8.6003
2.3836
1.5564
0.4024
3.9807
5.4334
3.1858
6.1586
2.2240
5.8611

1.2600
6.7223
4.6562
9.1300
7.0577
4.3633
5.7240
4.3393
2.4704
4.4859
3.8321

0.8019
3.6616
3.2714
6.4649
7.7509
5.9975
1.1029
2.9020
1.3497

5.7336
4.5182
3.6365
3.5345
8.9894
2.1885
5.9507
6.1932
5.4617

3.7187
4.7532
4.5383
3.2010
3.5019
3.3823
1.3878
5.8485

5.7299
17.4589
4.0545
6.0742
2.4005
2.0706
5.6674
3.3814
3.1895

3.1639
1.9905
1.6436
5.1569
7.9402
0.7438
6.8678

3.3233
7.3872
2.6855
5.9792
4.6931
1.8453
6.7061

9.3927
6.4904
3.0775
3.6047
0.6024
3.8098
6.0845

5.8186
1.7809
5.8458
7.5431
13.8634
1.4074
9.4473
3.2457
3.6245

0.9998
2.3473
4.4350
8.6542
2.7184
4.5539
0.9352
1.6449
4.2154

8.2451
2.9657
3.9730
2.6715
4.5329
5.4496
1.9997
5.8952
5.0717

3.6491
1.8281
1.8309
3.8371
2.3049
5.3876
3.8521
1.9724

3.0401
7.4316
2.3198
4.9461
8.8960
4.3286
3.2234
4.2258
4.8529

4.1740
2.9086
3.5858
4.7818
4.5459
3.3739
3.9475
7.3624
3.5788

1.6000
0.5082
6.6369
5.0249
6.0661
2.7157
1.6696
1.9530
6.4028

6.9354
6.1302
5.5866
6.3429
6.0891
7.0391
11.8609
9.6667

8.9702
1.5459
2.7198
7.9072
1.2313
2.2312
5.3216
1.2582
7.5301
3.6447

11.2502
4.8710
5.1775
0.6413
0.9414
3.4301
4.7693
0.9004
3.3479
2.8826

6.8605
8.2517
3.6093
0.6995
4.1056
1.6685
4.2431
3.6959

3.1033
4.7530
4.9940
2.3515
0.9339
7.5268
3.9415
5.0145

2.8087
1.3254
8.7421
2.7881
1.3050
3.5649
2.9325
7.3096
4.2876
1.3114

4.5942
4.2527
5.8736
5.5058
3.5530
4.4380
8.4343
4.4077
2.0069
4.7864

2.9339
2.8667
3.2436
2.5267
4.8774
1.1713
1.7910
7.4688
8.0794
4.3335

6.1738
8.3687
8.2354
0.8652
7.6139
6.6637
5.4383
4.4993
6.8827
2.5740
5.4312

2.7698
2.3959
7.0121
8.1891
2.1295
7.7703
4.6017
7.0984
7.1086
3.3195

7.8119
4.1989
1.3315
2.5164
6.0798
0.3476
2.4337
12.7128
2.3919
6.5398

6.1759
3.7570
5.0965
4.8527
4.7734
5.0028
3.3752
5.0760
1.8839
7.2666

6.7007
9.2515
3.1024
3.0711
2.6803
4.5485
2.8103
1.7152
4.2446
2.5526


Flat profile of 2.32 secs (154 total ticks): AWT-Shutdown

  Thread-local ticks:
100.0%   154             Blocked (of total)

5.5933
1.3308
5.7047
10.0239
6.0051
5.7037
4.7727
4.8116
4.2553

6.8151
5.7742
1.3928
6.0275
2.7122
7.8190
7.5877
5.9455

2.1817
4.8090
5.5275
5.2201
3.7655
3.4082
2.7243
2.8808

8.4674
3.3503
3.3250
8.0549
5.1223
2.9867
6.6130
2.4785

2.9224
6.0187
4.7493
3.8500
4.9194
3.5739
2.0833
3.0628

3.4706
5.2056
4.7860
5.7043
8.6292
4.1654
2.7384

6.8549
0.6769
5.0590
3.1407
9.0610
2.3443
3.6561

7.2251
2.0530
2.4710
4.9566
4.5697
6.8661
5.2564

5.6250
3.0708
4.8884
1.7881
3.1820
5.3366
3.9716

4.7217
4.3026
1.4845
3.4686
5.0603
5.7314
10.1014
2.8398

3.5326
6.7944
2.5971
3.3030
5.7181
6.7438
7.0695
4.3818
2.9222

3.8601
5.6908
4.6026
3.7797
3.7663
1.9214
3.0742
1.8872

8.3482
6.2831
1.9806
10.3040
9.8527
4.4991
10.7870
3.6651

6.5769
2.6536
2.7351
4.3113
3.3672
5.3771
6.9214
4.5131

5.2738
0.5633
1.7892
8.4188
4.3179
2.7170
11.9506
4.3991

2.6652
7.8420
3.0975
2.9276
3.8754
1.9674
5.7413
11.7398
6.4185

5.1109
3.9098
5.0524
2.9220
5.8781
5.2996
3.4872
7.3501
7.4060

7.4741
4.6044
7.5241
5.5890
1.1872
4.9418
1.8745

5.1265
5.2433
6.6309
1.8806
2.6938
7.9591
3.1025
3.4244

4.0080
5.7128
3.1949
5.2639
1.6452
3.8735
4.8663
8.0609

4.5234
2.2600
10.0730
7.0331
3.7815
6.0763
4.5076
6.4541
5.7192

7.8128
6.5694
4.0771
2.5250
11.7124
8.5912
3.6996
5.0985
2.8462

8.6394
6.2953
5.0545
6.1637
6.9160
7.1352
5.8423
2.0820
6.9036
4.2451

3.3252
4.2329
8.0051
8.0857
3.9032
6.7452
3.3108
5.8335

1.9820
8.1598
6.5379
5.6094
6.9235
2.3564
2.0563

2.7867
1.4499
4.9834
2.5108
1.2387
2.0077
6.1598
3.2808

6.3960
2.6180
4.9885
7.1396
0.4677
2.2944
6.7567
1.4563
4.0801

4.2233
6.0963
3.7484
5.0809
2.2421
2.7468
2.8764
7.6108

2.5782
3.0782
4.2653
6.6068
5.3638
11.4608
2.6725
4.9066

3.8213
4.6801
8.8794
4.6718
1.4204
4.3154
3.2490
3.7363
7.8785

10.9410
2.3260
8.0464
2.3027
4.9244
4.4795
2.6399
2.7362
3.6554
5.3572

3.1607
2.8012
4.5104
1.6575
6.8036
0.6554
2.1925
7.2649

5.6280
11.2243
3.3463
1.4546
4.0047
3.8664
5.7655
4.9756

3.4344
1.8084
3.8305
0.7736
1.9562
6.7303
6.1763

2.4134
0.7342
8.2030
2.9760
1.8796
5.0032
4.0979
5.1807
7.5504

6.1844
0.2109
8.0603
6.5804
7.0099
5.2002
2.7501
5.4108
3.4345
2.3362

7.4750
4.8910
4.0170
2.3763
7.9895
7.9553
21.1587
2.7166
11.1279

1.3359
1.9012
6.5214
6.7484
4.9522
4.2092
3.3260
3.7627
2.2485

2.7003
3.2858
3.0201
2.7044
3.4479
9.9506
2.2520
4.8926
2.3991
0.9852

1.3429
3.7297
1.5228
4.4228
8.3228
3.2344
6.6441
4.4979

2.5538
5.5635
1.8588
1.8682
4.6335
1.0869
4.4124
10.2801
7.2867

6.6747
2.9374
4.5543
2.4141
5.4468
5.0867
8.4934
4.3662
0.4144
2.4303

5.4132
8.5854
1.7406
1.2852
3.3192
2.5495
6.7910
6.3865
8.7375
3.6995

9.9563
7.1666
4.8083
1.5506
12.8277
5.2909
3.1501
2.0070
3.5497

4.4633
4.6984
7.4605
9.2139
5.8354
6.6664
6.9179
0.8417
5.6366
9.5141


Flat profile of 4.20 secs (292 total ticks): main

  Interpreted + native   Method                        
 13.0%     0  +    38    java.lang.ClassLoader$NativeLibrary.load
 12.0%     1  +    34    com.sun.imageio.plugins.jpeg.JPEGImageReader.readImage
  0.3%     0  +     1    com.sun.imageio.plugins.jpeg.JPEGImageReader.readImageHeader
  0.3%     1  +     0    java.awt.image.Raster.<clinit>
  0.3%     1  +     0    java.lang.ClassLoader.defineClass1
  0.3%     1  +     0    java.io.DataInputStream.readUTF
  0.3%     1  +     0    java.lang.ThreadLocal.getMap
  0.3%     1  +     0    java.awt.geom.Point2D.clone
  0.3%     1  +     0    java.awt.Toolkit$5.run
  0.3%     1  +     0    java.nio.ByteBuffer.arrayOffset
  0.3%     1  +     0    java.awt.Image.<clinit>
  0.3%     1  +     0    java.awt.image.DataBufferByte.<init>
  0.3%     1  +     0    com.sun.imageio.plugins.bmp.BMPImageReaderSpi.canDecodeInput
  0.3%     1  +     0    javax.imageio.ImageReader.<init>
  0.3%     1  +     0    java.util.zip.ZipUtils.dosToJavaTime
  0.3%     1  +     0    java.util.regex.Matcher.reset
  0.3%     1  +     0    sun.invoke.util.VerifyAccess.isSamePackage
  0.3%     1  +     0    java.lang.invoke.DirectMethodHandle.shouldBeInitialized
  0.3%     1  +     0    sun.nio.cs.StreamEncoder.writeBytes
  0.3%     1  +     0    java.util.Formatter$FormatSpecifier.checkNumeric
  0.3%     1  +     0    java.lang.invoke.InnerClassLambdaMetafactory.<clinit>
  0.3%     1  +     0    BeadTracker.main
  0.3%     1  +     0    jdk.internal.org.objectweb.asm.Item.isEqualTo
  0.3%     1  +     0    java.lang.invoke.Invokers.invokeHandleForm
  0.3%     1  +     0    sun.awt.image.ByteInterleavedRaster.putByteData
 34.6%    26  +    75    Total interpreted (including elided)

     Compiled + native   Method                        
 56.2%   163  +     1    Picture.get
  4.1%    10  +     2    BlobFinder.<init>
  1.4%     4  +     0    com.sun.imageio.plugins.jpeg.JPEGImageReader.acceptPixels
  0.7%     1  +     1    sun.awt.image.ByteInterleavedRaster.setDataElements
  0.3%     0  +     1    java.util.HashMap.put
  0.3%     1  +     0    java.lang.AbstractStringBuilder.append
  0.3%     1  +     0    java.awt.image.ComponentColorModel.getRGBComponent
  0.3%     1  +     0    java.awt.image.ComponentColorModel.getRGB
 63.7%   181  +     5    Total compiled

         Stub + native   Method                        
  0.7%     0  +     2    java.io.FileOutputStream.writeBytes
  0.3%     0  +     1    java.lang.Class.isPrimitive
  0.3%     0  +     1    java.lang.Double.doubleToRawLongBits
  1.4%     0  +     4    Total stub

  Thread-local ticks:
  0.3%     1             Class loader


Flat profile of 1.69 secs (137 total ticks): AWT-Shutdown

  Thread-local ticks:
100.0%   137             Blocked (of total)


Flat profile of 0.56 secs (49 total ticks): DestroyJavaVM

  Thread-local ticks:
100.0%    49             Blocked (of total)


Flat profile of 4.01 secs (288 total ticks): Java2D Disposer

  Thread-local ticks:
100.0%   288             Blocked (of total)


Flat profile of 4.61 secs (334 total ticks): AWT-AppKit

  Thread-local ticks:
100.0%   334             Unknown: no last frame


Global summary of 4.75 seconds:
100.0%   353             Received ticks
  3.1%    11             Received GC ticks
  9.3%    33             Compilation
  0.3%     1             Class loader
 94.6%   334             Unknown code
