5.0082
2.2606
4.0777
2.2603
6.4520
10.2285
4.5084
8.5722
3.5704
5.3273

5.0636
8.4805
3.4803
3.6392
5.3029
6.9035
2.1284
6.9297
2.8826
3.7436

8.1205
6.3952
3.2091
5.3900
6.3925
5.7886
4.5377
5.5229
3.2740
7.0660
5.0940
3.2501

3.4525
3.9235
7.1055
2.8152
3.2744
6.1543
3.7438
1.0916
1.6493
2.7758
5.8671
10.5928
6.3018

1.7536
3.6043
9.0062
4.3387
2.4452
5.3173
5.7578
0.9174
5.6783
5.1346
7.5544
4.4721

10.6145
4.0339
8.6003
2.3836
1.5564
0.4024
3.9807
5.4334
3.1858
6.1586
2.2240
5.8611

1.2600
6.7223
4.6562
9.1300
7.0577
4.3633
5.7240
4.3393
2.4704
4.4859
3.8321

0.8019
3.6616
3.2714
6.4649
7.7509
5.9975
1.1029
2.9020
1.3497

5.7336
4.5182
3.6365
3.5345
8.9894
2.1885
5.9507
6.1932
5.4617

3.7187
4.7532
4.5383
3.2010
3.5019
3.3823
1.3878
5.8485

5.7299
17.4589
4.0545
6.0742
2.4005
2.0706
5.6674
3.3814
3.1895

3.1639
1.9905
1.6436
5.1569
7.9402
0.7438
6.8678

3.3233
7.3872
2.6855
5.9792
4.6931
1.8453
6.7061

9.3927
6.4904
3.0775
3.6047
0.6024
3.8098
6.0845

5.8186
1.7809
5.8458
7.5431
13.8634
1.4074
9.4473
3.2457
3.6245

0.9998
2.3473
4.4350
8.6542
2.7184
4.5539
0.9352
1.6449
4.2154

8.2451
2.9657
3.9730
2.6715
4.5329
5.4496
1.9997
5.8952
5.0717

3.6491
1.8281
1.8309
3.8371
2.3049
5.3876
3.8521
1.9724

3.0401
7.4316
2.3198
4.9461
8.8960
4.3286
3.2234
4.2258
4.8529

4.1740
2.9086
3.5858
4.7818
4.5459
3.3739
3.9475
7.3624
3.5788

1.6000
0.5082
6.6369
5.0249
6.0661
2.7157
1.6696
1.9530
6.4028

6.9354
6.1302
5.5866
6.3429
6.0891
7.0391
11.8609
9.6667

8.9702
1.5459
2.7198
7.9072
1.2313
2.2312
5.3216
1.2582
7.5301
3.6447

11.2502
4.8710
5.1775
0.6413
0.9414
3.4301
4.7693
0.9004
3.3479
2.8826

6.8605
8.2517
3.6093
0.6995
4.1056
1.6685
4.2431
3.6959

3.1033
4.7530
4.9940
2.3515
0.9339
7.5268
3.9415
5.0145

2.8087
1.3254
8.7421
2.7881
1.3050
3.5649
2.9325
7.3096
4.2876
1.3114

4.5942
4.2527
5.8736
5.5058
3.5530
4.4380
8.4343
4.4077
2.0069
4.7864

2.9339
2.8667
3.2436
2.5267
4.8774
1.1713
1.7910
7.4688
8.0794
4.3335

6.1738
8.3687
8.2354
0.8652
7.6139
6.6637
5.4383
4.4993
6.8827
2.5740
5.4312

2.7698
2.3959
7.0121
8.1891
2.1295
7.7703
4.6017
7.0984
7.1086
3.3195

7.8119
4.1989
1.3315
2.5164
6.0798
0.3476
2.4337
12.7128
2.3919
6.5398

6.1759
3.7570
5.0965
4.8527
4.7734
5.0028
3.3752
5.0760
1.8839
7.2666

6.7007
9.2515
3.1024
3.0711
2.6803
4.5485
2.8103
1.7152
4.2446
2.5526


Flat profile of 2.52 secs (178 total ticks): AWT-Shutdown

  Thread-local ticks:
100.0%   178             Blocked (of total)

5.5933
1.3308
5.7047
10.0239
6.0051
5.7037
4.7727
4.8116
4.2553

6.8151
5.7742
1.3928
6.0275
2.7122
7.8190
7.5877
5.9455

2.1817
4.8090
5.5275
5.2201
3.7655
3.4082
2.7243
2.8808

8.4674
3.3503
3.3250
8.0549
5.1223
2.9867
6.6130
2.4785

2.9224
6.0187
4.7493
3.8500
4.9194
3.5739
2.0833
3.0628

3.4706
5.2056
4.7860
5.7043
8.6292
4.1654
2.7384

6.8549
0.6769
5.0590
3.1407
9.0610
2.3443
3.6561

7.2251
2.0530
2.4710
4.9566
4.5697
6.8661
5.2564

5.6250
3.0708
4.8884
1.7881
3.1820
5.3366
3.9716

4.7217
4.3026
1.4845
3.4686
5.0603
5.7314
10.1014
2.8398

3.5326
6.7944
2.5971
3.3030
5.7181
6.7438
7.0695
4.3818
2.9222

3.8601
5.6908
4.6026
3.7797
3.7663
1.9214
3.0742
1.8872

8.3482
6.2831
1.9806
10.3040
9.8527
4.4991
10.7870
3.6651

6.5769
2.6536
2.7351
4.3113
3.3672
5.3771
6.9214
4.5131

5.2738
0.5633
1.7892
8.4188
4.3179
2.7170
11.9506
4.3991

2.6652
7.8420
3.0975
2.9276
3.8754
1.9674
5.7413
11.7398
6.4185

5.1109
3.9098
5.0524
2.9220
5.8781
5.2996
3.4872
7.3501
7.4060

7.4741
4.6044
7.5241
5.5890
1.1872
4.9418
1.8745

5.1265
5.2433
6.6309
1.8806
2.6938
7.9591
3.1025
3.4244

4.0080
5.7128
3.1949
5.2639
1.6452
3.8735
4.8663
8.0609

4.5234
2.2600
10.0730
7.0331
3.7815
6.0763
4.5076
6.4541
5.7192

7.8128
6.5694
4.0771
2.5250
11.7124
8.5912
3.6996
5.0985
2.8462

8.6394
6.2953
5.0545
6.1637
6.9160
7.1352
5.8423
2.0820
6.9036
4.2451

3.3252
4.2329
8.0051
8.0857
3.9032
6.7452
3.3108
5.8335

1.9820
8.1598
6.5379
5.6094
6.9235
2.3564
2.0563

2.7867
1.4499
4.9834
2.5108
1.2387
2.0077
6.1598
3.2808

6.3960
2.6180
4.9885
7.1396
0.4677
2.2944
6.7567
1.4563
4.0801

4.2233
6.0963
3.7484
5.0809
2.2421
2.7468
2.8764
7.6108

2.5782
3.0782
4.2653
6.6068
5.3638
11.4608
2.6725
4.9066

3.8213
4.6801
8.8794
4.6718
1.4204
4.3154
3.2490
3.7363
7.8785

10.9410
2.3260
8.0464
2.3027
4.9244
4.4795
2.6399
2.7362
3.6554
5.3572

3.1607
2.8012
4.5104
1.6575
6.8036
0.6554
2.1925
7.2649

5.6280
11.2243
3.3463
1.4546
4.0047
3.8664
5.7655
4.9756


Flat profile of 1.00 secs (88 total ticks): AWT-Shutdown

  Thread-local ticks:
100.0%    88             Blocked (of total)

3.4344
1.8084
3.8305
0.7736
1.9562
6.7303
6.1763

2.4134
0.7342
8.2030
2.9760
1.8796
5.0032
4.0979
5.1807
7.5504

6.1844
0.2109
8.0603
6.5804
7.0099
5.2002
2.7501
5.4108
3.4345
2.3362

7.4750
4.8910
4.0170
2.3763
7.9895
7.9553
21.1587
2.7166
11.1279

1.3359
1.9012
6.5214
6.7484
4.9522
4.2092
3.3260
3.7627
2.2485

2.7003
3.2858
3.0201
2.7044
3.4479
9.9506
2.2520
4.8926
2.3991
0.9852

1.3429
3.7297
1.5228
4.4228
8.3228
3.2344
6.6441
4.4979

2.5538
5.5635
1.8588
1.8682
4.6335
1.0869
4.4124
10.2801
7.2867

6.6747
2.9374
4.5543
2.4141
5.4468
5.0867
8.4934
4.3662
0.4144
2.4303

5.4132
8.5854
1.7406
1.2852
3.3192
2.5495
6.7910
6.3865
8.7375
3.6995

9.9563
7.1666
4.8083
1.5506
12.8277
5.2909
3.1501
2.0070
3.5497

4.4633
4.6984
7.4605
9.2139
5.8354
6.6664
6.9179
0.8417
5.6366
9.5141

3.5428
6.0928
8.5292
3.6510
2.0692
6.8073
4.0703

3.8111
4.5719
4.2411
4.1250
1.2149
6.1693
7.7520

1.9781
4.5890
5.4724
3.8700
5.8478
4.5273
2.3186

9.3044
9.2779
3.6201
4.3600
2.8355

5.7493
3.0573
7.1172
4.5801
1.5468

6.5719
10.2493
2.9378
1.4136

3.7126
6.6062
6.7298
2.6171
9.1714

3.9325
2.9257
4.9941
5.8294
9.2083
3.2765

4.9063
4.4400
7.9868
0.7621
3.0646
7.3223

5.1158
4.1655
6.8571
2.3360

6.7852
3.1156
7.0366
2.6737
9.8235

3.3148
1.7938
3.3132
6.5488
4.0025
6.8505
4.5425

5.5437
2.3440
5.5040
2.1683
9.5586
4.6500
13.0344

11.8990
7.4782
2.4908
7.1798
3.6475
5.8377
3.7986

7.8675
1.1536
5.8149
1.2750
5.5518
5.7538
3.8306

6.4372
3.5544
3.9158
3.6902
3.3833
6.3041
2.9317

6.1261
3.9961
4.3307
3.4689

4.2927
0.6065
3.3860

5.6283
5.2625
3.0080

4.3379


5.3176
7.6439
0.8466
8.8265
4.5746
5.8756
6.4022
1.8821

0.5000
3.0538
1.7738
7.6157
1.7564
3.9644

4.5335
6.3906
3.3094
3.9293
1.0453

8.3836
3.3371
4.2446
1.1389
2.7160
4.6053
2.1368
3.6491
9.8294

1.4793
3.9848
7.9059
4.7690
4.1782
2.0909
4.2184
1.6306

2.6931
2.9967
4.8487
5.6244
8.0289
3.6605
6.3648
3.6602
5.2723

3.5239
1.8758
6.5415
4.2738
6.8964
6.9382
5.5051

9.5333
1.6891
0.7150
0.6429
4.3391
1.3387

2.2153
6.3705
2.2105
1.8797

7.6968
4.2963
4.3371
3.4744
6.9442

3.3660
2.7716
6.2899
4.8392
3.8491
5.6410

1.2892
6.2153
1.7832

6.0096
6.6977
3.8245
4.8505
6.1020

7.5995
3.6067
3.5999
3.5290
4.0413

4.0214
4.9118
4.3356
10.6176
7.0711
3.8836
6.7831

2.4696
6.8045
3.5295
9.6668
1.5696
2.9355

7.2428
1.1080
6.4061
4.0764
3.2543
2.4289
3.5158
5.6634

2.5814
3.3749
4.4815
5.9676
11.0363
3.3624
1.5038

5.5588
5.4644
2.7419
5.9909
2.0315
3.2520
5.2470
5.6490

3.6529
3.0146
3.5678
6.7578
3.5299
3.4543
3.6389

1.0961
4.8334
4.0809
1.4358
8.5419
0.3662
2.6834

4.6197
3.5342
1.0444
0.1895
4.6965
2.1590
3.0679

3.7896
3.2805
6.9763
4.7563
7.5094
4.2414
2.3306

2.5996
2.2292
5.4312
6.0641
1.8894
6.2369

3.0804
3.0948
4.1518
9.7855
6.5713

6.9764
7.9732
8.5468
4.6731
2.8731

8.8404
4.5547
2.4432
3.3407
9.8060
4.2427

6.2243
6.0824
2.1531
4.3543
1.5888

5.8961
5.6548
7.8633
5.4720

2.7985
4.3980
5.3652
4.1231
9.2647

3.9063
6.3246
2.3939
3.2343
0.5786
3.2577

5.9631
3.2585
9.3467
6.8496
2.3388
1.6324
5.4109

4.7160
1.1562
2.4026
4.4610
7.9083
5.8302
2.8271
6.7822

0.8769
2.4486
5.0579
2.8809
5.0727
8.3504
3.5975
2.8882
5.8410
3.7006
3.8121

3.3536
4.9866
5.3707
4.4826
7.0029
9.8159
5.5098
4.6667
6.5248
5.6641
2.7911

8.8260
3.7690
7.0728
3.9505
4.4582
8.3624
4.8340
4.3315
4.6162
4.9584
8.1063

4.8283
5.6579
5.5026
7.3075
1.3017
1.5152
5.8632
6.5000
7.1355
0.5693
3.0473

9.1180
4.1738
2.5000
4.6118
4.1174
2.0198
0.4820
4.5741

4.0082
20.6083
5.9426
6.9516
4.2153
4.6088
1.0181
2.7940

0.9352
6.5227
2.7373
2.0771
2.7945
2.1953
3.8278
3.5424

2.0303
9.7062
6.5947
1.5560
4.2468
2.2859
1.9690
8.6338
4.8850

8.9611
6.9923
2.7857
9.2693
5.0675
3.0178
3.9935

5.3255
4.1414
5.8179
2.5904
2.2752
6.7488
9.0698
1.5765

3.5208
16.3273
2.6116
1.8690
9.2701
12.2212
5.2305
4.0117
2.3106

9.6445
1.8994
2.1641
8.6477
4.5616
3.9683
5.2916

8.1952
3.3534
2.5325
0.8769

4.6830
5.5381
6.2532
3.7972

2.0816
6.9264
6.5403
7.1660
7.1969

4.6236
5.6971
1.7218
8.3252
1.6380
4.2284
6.2810
7.0067


Flat profile of 2.65 secs (208 total ticks): AWT-Shutdown

  Thread-local ticks:
100.0%   208             Blocked (of total)

0.9280
8.3496
1.0093
1.4851
3.0415

10.3484
7.5182
5.1695
5.1367
8.5052
5.7207
3.0699

3.0488
1.9639
3.1660
2.5912
4.8789
4.7695
6.3398
1.3398
5.4580

3.6943
0.2752
0.8405
7.5890
3.6229
6.6253
10.6668
4.4018

4.3943
2.8461
3.1473
1.1446
4.6015
4.1319

3.6344
2.0854
3.4054
8.7985
3.7124
7.6176

4.6609
8.1253
2.9412
9.0966
3.8849

6.2579
5.0249
4.0864
10.6500
1.1091

4.1436
4.4266
3.7623
5.0764
2.9789
6.0572

5.1086
2.6940
5.3939
4.7875
1.1763
2.1657
2.1554


Flat profile of 6.69 secs (514 total ticks): main

  Interpreted + native   Method                        
 17.7%     4  +    87    com.sun.imageio.plugins.jpeg.JPEGImageReader.readImage
  6.4%     0  +    33    java.lang.ClassLoader$NativeLibrary.load
  1.4%     0  +     7    java.io.RandomAccessFile.open
  0.6%     0  +     3    java.lang.ClassLoader$NativeLibrary.find
  0.6%     2  +     1    BeadTracker.main
  0.2%     1  +     0    com.sun.imageio.plugins.jpeg.JPEGImageReaderSpi.createReaderInstance
  0.2%     1  +     0    sun.net.www.protocol.file.Handler.createFileURLConnection
  0.2%     1  +     0    java.util.ArrayList.iterator
  0.2%     1  +     0    javax.imageio.stream.FileImageInputStream.<init>
  0.2%     1  +     0    java.util.regex.Pattern$Node.match
  0.2%     1  +     0    jdk.internal.org.objectweb.asm.AnnotationVisitor.<init>
  0.2%     1  +     0    javax.imageio.spi.SubRegistry.<init>
  0.2%     1  +     0    sun.awt.AppContext$2.run
  0.2%     1  +     0    sun.nio.cs.StreamEncoder.flushBuffer
  0.2%     1  +     0    java.awt.image.DataBuffer.<init>
  0.2%     1  +     0    java.awt.image.DataBufferByte.<init>
  0.2%     1  +     0    java.util.Vector.<init>
  0.2%     1  +     0    javax.imageio.ImageTypeSpecifier.createComponentCM
  0.2%     1  +     0    java.lang.invoke.MethodHandleNatives.linkCallSite
  0.2%     1  +     0    BlobFinder.getBeads
  0.2%     1  +     0    javax.imageio.stream.FileImageInputStream.<init>
  0.2%     1  +     0    java.util.Formatter.parse
  0.2%     1  +     0    java.lang.StringCoding$StringEncoder.encode
  0.2%     1  +     0    sun.util.calendar.AbstractCalendar.getCalendarDate
  0.2%     1  +     0    com.sun.imageio.plugins.jpeg.JPEGImageReader.<init>
 33.1%    34  +   136    Total interpreted (including elided)

     Compiled + native   Method                        
 58.9%   297  +     6    Picture.get
  4.7%    23  +     1    BlobFinder.<init>
  0.4%     2  +     0    com.sun.imageio.plugins.jpeg.JPEGImageReader.acceptPixels
  0.2%     1  +     0    java.lang.AbstractStringBuilder.append
  0.2%     1  +     0    BlobFinder.dfs
  0.2%     1  +     0    sun.awt.image.ByteInterleavedRaster.getDataElements
  0.2%     0  +     1    sun.awt.image.ByteInterleavedRaster.setRect
  0.2%     1  +     0    sun.awt.image.ByteInterleavedRaster.putByteData
 65.0%   326  +     8    Total compiled

         Stub + native   Method                        
  0.8%     0  +     4    java.io.FileOutputStream.writeBytes
  0.4%     0  +     2    java.lang.System.arraycopy
  0.2%     0  +     1    java.lang.Object.hashCode
  0.2%     0  +     1    java.lang.Object.clone
  0.2%     0  +     1    java.lang.Class.isInstance
  0.2%     0  +     1    java.io.RandomAccessFile.readBytes
  1.9%     0  +    10    Total stub


Flat profile of 6.06 secs (466 total ticks): Java2D Disposer

  Interpreted + native   Method                        
100.0%     1  +     0    com.sun.imageio.stream.CloseableDisposerRecord.dispose
100.0%     1  +     0    Total interpreted

  Thread-local ticks:
 99.8%   465             Blocked (of total)


Flat profile of 6.61 secs (510 total ticks): AWT-AppKit

  Thread-local ticks:
100.0%   510             Unknown: no last frame


Global summary of 6.70 seconds:
100.0%   522             Received ticks
  1.0%     5             Received GC ticks
 10.0%    52             Compilation
  0.4%     2             Other VM operations
 97.7%   510             Unknown code
