478
3 0.07617048 -0.74 -0.84 47 10 180
3 0.07334798 -0.60 -0.84 32 187 158
5 0.06624281 -0.54 -0.84 43 109 219
6 0.09839647 -0.52 -0.84 70 163 142
4 0.04575946 -0.48 -0.84 97 36 136
4 0.03150234 -0.14 -0.84 183 224 103
3 0.07111407 -0.12 -0.84 86 34 90
3 0.07039339 -0.06 -0.84 47 70 202
4 0.02450540 0.12 -0.84 231 232 132
6 0.07434015 0.54 -0.84 239 29 109
4 0.05536547 0.58 -0.84 111 234 77
4 0.04626425 0.60 -0.84 120 40 26
3 0.04696089 0.64 -0.84 63 170 79
3 0.03935226 -0.76 -0.82 27 90 66
4 0.08361300 -0.70 -0.82 230 163 184
3 0.03917313 -0.68 -0.82 241 209 205
3 0.07319347 -0.64 -0.82 209 19 240
3 0.08460525 -0.60 -0.82 41 109 104
3 0.09005591 -0.58 -0.82 44 210 5
3 0.08795913 -0.56 -0.82 61 190 237
4 0.04512869 -0.54 -0.82 6 54 62
3 0.06442132 -0.50 -0.82 166 159 164
3 0.04353271 -0.44 -0.82 89 112 231
4 0.08248772 -0.42 -0.82 128 131 207
3 0.07806864 -0.18 -0.82 116 124 23
3 0.05078852 -0.14 -0.82 232 120 144
3 0.07275387 -0.10 -0.82 38 190 10
4 0.08427476 -0.08 -0.82 221 195 169
6 0.05904867 -0.06 -0.82 78 20 19
5 0.09702725 0.12 -0.82 229 41 62
5 0.04450677 0.16 -0.82 20 36 214
3 0.07410428 0.52 -0.82 172 62 253
6 0.06658547 0.56 -0.82 109 160 156
4 0.07625444 0.62 -0.82 179 26 89
3 0.08176881 0.66 -0.82 64 164 223
6 0.09562684 -0.74 -0.80 195 235 85
5 0.09176035 -0.72 -0.80 27 31 76
3 0.02570270 -0.66 -0.80 99 164 116
3 0.06530546 -0.64 -0.80 144 120 28
6 0.06369101 -0.60 -0.80 54 95 162
3 0.08847225 -0.52 -0.80 77 20 109
4 0.04896700 -0.48 -0.80 65 138 186
6 0.08147042 -0.22 -0.80 57 235 224
6 0.02842588 -0.18 -0.80 67 45 93
5 0.05108552 -0.16 -0.80 122 78 217
4 0.07176744 -0.12 -0.80 95 254 104
3 0.02056586 -0.08 -0.80 81 190 150
3 0.03085842 -0.04 -0.80 72 199 73
6 0.05058825 -0.02 -0.80 76 201 4
5 0.09283195 0.00 -0.80 207 14 92
3 0.05426134 0.02 -0.80 1 231 202
5 0.09311499 0.04 -0.80 1 81 177
4 0.03576734 0.06 -0.80 126 134 253
3 0.06001874 0.08 -0.80 166 11 2
4 0.04721036 0.10 -0.80 50 181 124
3 0.07602182 0.12 -0.80 147 88 203
5 0.08379760 0.16 -0.80 194 108 69
4 0.09281350 0.50 -0.80 153 70 238
6 0.04714462 0.52 -0.80 254 9 232
5 0.02918523 0.66 -0.80 65 178 222
6 0.06503209 0.68 -0.80 77 174 243
3 0.06585247 -0.60 -0.78 206 147 166
4 0.08936616 -0.58 -0.78 8 161 0
6 0.09339759 -0.18 -0.78 3 28 199
4 0.08967223 0.14 -0.78 181 130 52
5 0.08413780 0.48 -0.78 39 133 246
5 0.04569845 0.50 -0.78 217 27 111
5 0.03248097 0.70 -0.78 195 214 92
6 0.02938640 0.72 -0.78 12 86 100
5 0.03912723 -0.18 -0.76 48 224 151
6 0.02459828 -0.16 -0.76 201 175 176
5 0.07144582 0.14 -0.76 54 102 91
5 0.09483644 0.46 -0.76 239 55 44
5 0.03589601 0.48 -0.76 159 227 208
5 0.08827048 0.72 -0.76 147 103 255
5 0.02010783 -0.60 -0.74 6 7 110
5 0.02046232 -0.14 -0.74 211 111 201
6 0.02508429 -0.12 -0.74 75 20 53
5 0.07426852 0.46 -0.74 153 10 18
5 0.02607162 0.48 -0.74 72 154 23
3 0.02076553 -0.60 -0.72 109 251 83
4 0.05935913 -0.12 -0.72 58 251 147
3 0.09320454 0.46 -0.72 7 163 90
4 0.04825559 -0.60 -0.70 251 255 64
6 0.09772268 -0.10 -0.70 18 235 57
4 0.06263561 0.44 -0.70 128 216 158
3 0.06083289 0.46 -0.70 141 53 81
5 0.03189783 0.74 -0.70 150 113 128
3 0.05685112 0.76 -0.70 27 95 102
3 0.09131737 -0.60 -0.68 133 137 17
5 0.09191200 -0.06 -0.68 22 229 184
3 0.07824873 0.46 -0.68 155 81 46
3 0.08983937 0.76 -0.68 244 70 80
6 0.06033253 -0.60 -0.66 67 69 91
4 0.09489003 -0.08 -0.66 238 126 231
3 0.03692142 -0.06 -0.66 120 235 168
4 0.04454544 -0.04 -0.66 32 220 54
5 0.04275631 0.42 -0.66 39 82 57
3 0.06060030 0.46 -0.66 30 40 95
4 0.02613690 -0.60 -0.64 221 54 96
4 0.04855691 -0.02 -0.64 188 64 19
3 0.05032767 0.44 -0.64 55 251 31
6 0.09479310 0.74 -0.64 82 180 143
6 0.04586625 0.76 -0.64 57 61 159
3 0.06039735 -0.60 -0.62 68 105 77
3 0.06318258 -0.02 -0.62 60 15 127
6 0.08347133 0.42 -0.62 135 253 80
5 0.09113805 0.44 -0.62 252 203 21
6 0.07285396 0.76 -0.62 29 83 28
5 0.04064242 -0.60 -0.60 217 218 204
6 0.04163766 0.00 -0.60 224 94 2
4 0.07754462 0.02 -0.60 173 106 205
3 0.08579241 0.42 -0.60 39 0 172
6 0.03091140 0.44 -0.60 133 70 25
6 0.08020195 0.48 -0.60 113 123 65
4 0.09824651 -0.60 -0.58 24 251 90
3 0.08121504 0.04 -0.58 16 178 105
5 0.06605269 0.46 -0.58 160 201 52
6 0.09243799 0.48 -0.58 133 43 57
3 0.04154005 0.72 -0.58 48 101 125
6 0.03120949 -0.60 -0.56 77 148 158
6 0.03962854 0.04 -0.56 6 71 51
3 0.03051927 0.06 -0.56 228 153 41
5 0.05031864 0.44 -0.56 145 154 10
3 0.04982527 0.48 -0.56 171 210 130
6 0.09790521 0.50 -0.56 192 130 86
6 0.09430444 0.70 -0.56 245 87 60
6 0.09952389 -0.60 -0.54 4 212 27
5 0.04280661 0.04 -0.54 63 8 246
5 0.07153922 0.06 -0.54 199 187 115
4 0.04868315 0.42 -0.54 253 111 30
3 0.02494851 0.52 -0.54 177 112 68
3 0.05450032 0.68 -0.54 237 205 247
6 0.05317710 0.70 -0.54 245 78 6
3 0.06243423 -0.60 -0.52 198 55 182
3 0.09651824 0.08 -0.52 66 224 247
3 0.07914825 0.10 -0.52 76 26 74
4 0.02741637 0.54 -0.52 209 112 89
3 0.08068839 0.56 -0.52 252 25 73
6 0.05144613 0.62 -0.52 133 57 186
3 0.03416431 0.66 -0.52 155 36 79
4 0.08309105 -0.60 -0.50 255 38 69
5 0.08472821 0.08 -0.50 242 49 219
3 0.02741759 0.12 -0.50 218 178 148
4 0.08588688 0.56 -0.50 150 110 253
3 0.02386088 0.58 -0.50 173 99 102
3 0.05699923 0.62 -0.50 63 50 35
5 0.06323072 0.64 -0.50 243 209 139
3 0.09368798 -0.60 -0.48 137 168 239
4 0.06159866 0.12 -0.48 192 173 185
6 0.05584609 -0.60 -0.46 149 197 87
6 0.08408182 0.14 -0.46 93 121 197
6 0.03621099 0.44 -0.46 134 33 41
4 0.08808618 -0.60 -0.44 224 42 21
5 0.07362852 0.12 -0.44 111 32 91
3 0.04095154 0.46 -0.44 118 25 141
4 0.02389979 0.14 -0.42 251 157 154
5 0.09404445 0.44 -0.42 25 228 1
4 0.06351273 0.44 -0.40 190 125 73
4 0.04831299 0.48 -0.40 137 22 40
6 0.08487228 -0.58 -0.38 204 126 182
3 0.08053982 -0.20 -0.38 69 50 11
4 0.03437409 -0.16 -0.38 135 169 253
5 0.08164865 0.14 -0.38 3 78 43
4 0.09658232 0.16 -0.38 248 75 130
4 0.04632308 0.46 -0.38 245 164 223
6 0.02988780 -0.60 -0.36 143 217 146
5 0.05602831 -0.18 -0.36 198 225 201
4 0.06360445 0.12 -0.36 136 221 51
5 0.05567437 0.14 -0.36 58 140 8
4 0.04702491 0.50 -0.36 108 149 191
6 0.06926639 -0.60 -0.34 7 216 78
4 0.09226653 -0.18 -0.34 171 162 34
6 0.03484215 -0.16 -0.34 48 52 111
6 0.03081147 0.14 -0.34 32 154 241
4 0.05794206 0.48 -0.34 38 16 243
3 0.04574605 -0.74 -0.32 75 179 65
5 0.09118034 -0.70 -0.32 242 42 127
3 0.08634945 -0.68 -0.32 61 63 156
3 0.08183173 -0.58 -0.32 138 204 228
6 0.09863638 -0.16 -0.32 63 162 60
6 0.07760324 0.10 -0.32 52 127 230
4 0.09573855 0.12 -0.32 200 247 170
6 0.04206866 0.52 -0.32 128 183 112
5 0.04788000 0.56 -0.32 237 88 161
3 0.07599341 -0.74 -0.30 116 203 238
4 0.09667873 -0.72 -0.30 158 105 19
4 0.05061029 -0.66 -0.30 205 168 5
5 0.07735630 -0.64 -0.30 210 152 203
6 0.08671354 -0.62 -0.30 139 205 142
4 0.07117369 -0.60 -0.30 209 159 200
3 0.06335962 -0.14 -0.30 185 112 215
3 0.07630213 -0.12 -0.30 146 20 54
6 0.04738864 0.06 -0.30 10 255 62
6 0.04689668 0.08 -0.30 151 182 176
5 0.08655226 -0.66 -0.28 7 9 209
4 0.09713402 -0.62 -0.28 92 130 184
5 0.04264077 -0.58 -0.28 183 2 255
5 0.07041991 -0.12 -0.28 179 164 44
3 0.02578674 -0.08 -0.28 111 28 153
3 0.06613141 -0.06 -0.28 63 112 139
6 0.08747410 0.02 -0.28 58 245 223
4 0.03065015 0.06 -0.28 210 147 198
5 0.02934103 0.58 -0.28 20 86 114
4 0.03083122 0.60 -0.28 172 21 166
3 0.05052358 0.72 -0.28 13 185 201
5 0.05245324 0.74 -0.28 92 153 240
5 0.06218411 0.76 -0.28 111 75 222
4 0.08087419 -0.62 -0.26 217 233 176
3 0.08939634 -0.58 -0.26 119 10 94
6 0.04459116 -0.10 -0.26 76 121 110
6 0.07435670 -0.08 -0.26 48 168 242
3 0.09443458 -0.04 -0.26 227 53 37
4 0.07885030 0.00 -0.26 113 204 7
3 0.05273575 0.02 -0.26 34 140 225
4 0.05716135 0.04 -0.26 196 72 141
5 0.04025510 0.06 -0.26 133 117 124
4 0.04357039 0.60 -0.26 47 64 164
5 0.05746392 0.62 -0.26 205 209 53
3 0.03286721 0.64 -0.26 14 114 192
3 0.02569964 0.66 -0.26 9 235 22
3 0.08081820 0.68 -0.26 26 28 150
3 0.04877965 0.72 -0.26 94 174 9
4 0.07840078 0.74 -0.26 76 196 227
5 0.02412708 0.76 -0.26 162 113 134
6 0.07424654 -0.04 -0.24 235 24 40
3 0.04284903 0.00 -0.24 178 228 27
4 0.08075952 0.66 -0.24 252 156 33
4 0.08028002 -0.62 0.16 151 24 36
6 0.09868605 -0.60 0.16 214 165 235
5 0.06327474 -0.52 0.16 220 189 153
5 0.06165065 -0.02 0.16 19 170 135
5 0.06027289 0.00 0.16 244 3 111
5 0.03672665 0.04 0.16 148 117 179
4 0.06837744 0.52 0.16 222 156 193
6 0.03112327 0.58 0.16 206 38 223
3 0.08315451 0.64 0.16 35 121 134
4 0.05143221 -0.68 0.18 99 54 190
6 0.08759193 -0.64 0.18 145 151 161
5 0.07472743 -0.62 0.18 222 154 14
4 0.08391088 -0.56 0.18 168 243 57
3 0.02554233 -0.46 0.18 33 136 144
6 0.07422657 -0.10 0.18 222 9 223
4 0.02599956 -0.06 0.18 194 128 245
5 0.07316450 -0.02 0.18 137 191 123
6 0.04603102 0.06 0.18 213 81 5
3 0.06847521 0.08 0.18 70 129 101
6 0.02583914 0.38 0.18 184 6 64
5 0.05671724 0.48 0.18 69 127 211
4 0.04390747 0.54 0.18 61 228 63
4 0.03371129 0.56 0.18 157 225 120
4 0.04260717 0.60 0.18 172 42 14
4 0.09847427 0.62 0.18 44 197 52
5 0.07265972 0.64 0.18 40 23 245
4 0.06073464 0.66 0.18 50 254 76
4 0.02154265 0.68 0.18 98 254 162
4 0.09317740 -0.70 0.20 188 201 27
3 0.06475783 -0.68 0.20 166 63 4
4 0.08878197 -0.64 0.20 41 124 84
5 0.02935891 -0.50 0.20 252 78 15
6 0.02076658 -0.48 0.20 62 47 24
4 0.04414865 -0.44 0.20 117 68 2
6 0.02875269 -0.12 0.20 163 89 170
5 0.03964715 -0.08 0.20 239 28 20
4 0.06207904 0.12 0.20 44 195 243
4 0.05368990 0.40 0.20 87 121 236
4 0.03324236 0.44 0.20 103 247 184
6 0.02698043 0.50 0.20 135 95 15
6 0.04598621 0.64 0.20 36 241 147
5 0.03998703 0.70 0.20 95 137 33
3 0.07961670 -0.72 0.22 60 47 226
6 0.08237650 -0.68 0.22 246 41 137
4 0.07095916 -0.46 0.22 254 209 43
5 0.02411175 -0.44 0.22 184 246 31
5 0.09649966 -0.42 0.22 188 142 101
3 0.05004417 -0.12 0.22 31 252 91
6 0.07944377 0.10 0.22 90 158 236
6 0.07519697 0.12 0.22 175 224 179
5 0.09068974 0.40 0.22 102 146 168
4 0.07510280 0.44 0.22 42 85 37
6 0.06131782 0.68 0.22 123 120 97
4 0.05491829 0.72 0.22 116 95 156
3 0.04065933 -0.74 0.24 8 74 92
3 0.08423074 -0.72 0.24 87 145 139
5 0.02309238 -0.42 0.24 124 107 192
4 0.09438807 -0.40 0.24 76 169 230
3 0.03443248 -0.18 0.24 244 174 95
3 0.07596377 0.14 0.24 54 59 62
5 0.04241091 0.16 0.24 1 208 31
5 0.06100341 0.38 0.24 165 87 179
6 0.08377713 0.42 0.24 125 145 234
6 0.09463040 0.72 0.24 20 130 178
6 0.03278973 -0.76 0.26 80 69 33
5 0.03130528 -0.40 0.26 228 149 110
5 0.08328850 -0.38 0.26 29 243 216
4 0.02167646 -0.20 0.26 41 240 29
4 0.03143455 0.38 0.26 103 158 201
4 0.08692156 0.40 0.26 110 186 219
6 0.06208084 0.74 0.26 30 75 241
3 0.04039708 -0.76 0.28 173 217 36
6 0.09335794 -0.74 0.28 243 120 140
3 0.03418229 -0.20 0.28 7 193 235
4 0.07744558 0.16 0.28 76 44 234
6 0.09485968 0.40 0.28 229 223 118
6 0.06791362 0.72 0.28 80 60 46
5 0.07401124 0.76 0.28 71 113 181
5 0.06397426 -0.78 0.30 6 144 139
6 0.07106740 -0.20 0.30 212 190 119
4 0.04925384 0.20 0.30 146 184 23
4 0.09721327 0.38 0.30 139 132 91
3 0.03828554 0.76 0.30 107 19 182
3 0.09817776 -0.76 0.32 71 57 236
5 0.05010685 0.18 0.32 108 191 199
5 0.07129294 0.38 0.32 138 245 100
4 0.02863595 -0.80 0.34 178 29 100
3 0.05985728 -0.22 0.34 129 46 171
4 0.04866205 -0.20 0.34 61 136 158
3 0.03845507 0.18 0.34 107 202 95
3 0.07033494 0.74 0.34 157 75 127
4 0.08061811 0.76 0.34 8 47 33
5 0.04124102 -0.24 0.36 222 249 3
3 0.04045389 -0.22 0.36 254 3 128
3 0.06202511 0.20 0.36 254 11 107
6 0.04924856 0.72 0.36 148 197 151
4 0.09882339 -0.78 0.38 207 86 199
6 0.06447274 -0.22 0.38 137 13 75
5 0.09452936 0.72 0.38 160 190 113
3 0.08121502 -0.78 0.40 137 68 32
5 0.03338678 -0.24 0.40 97 79 34
6 0.02523233 -0.22 0.40 116 39 75
6 0.04310729 0.20 0.40 129 120 197
3 0.08417816 0.22 0.40 233 141 18
5 0.09041123 0.70 0.40 240 209 39
4 0.02204064 0.74 0.40 245 47 55
3 0.03560359 -0.78 0.42 53 211 194
4 0.07553233 -0.24 0.42 7 102 45
6 0.09678856 -0.22 0.42 208 125 114
5 0.03551368 0.20 0.42 191 23 252
5 0.07311224 0.22 0.42 119 42 21
6 0.08814227 0.68 0.42 25 19 122
5 0.06876813 0.70 0.42 174 56 234
4 0.09721171 -0.24 0.44 180 221 135
4 0.06642033 0.58 0.44 93 3 254
4 0.03021726 0.64 0.44 239 170 62
5 0.02246106 0.68 0.44 42 188 12
4 0.05645104 -0.80 0.46 129 11 59
5 0.06063658 -0.24 0.46 125 80 132
5 0.05752810 0.20 0.46 34 81 125
4 0.06981530 0.50 0.46 52 192 172
4 0.06206746 0.52 0.46 16 56 173
3 0.05204983 0.54 0.46 54 178 115
6 0.07093821 0.56 0.46 71 204 164
5 0.06586492 0.60 0.46 60 233 83
4 0.05292271 -0.80 0.48 177 124 32
6 0.03540356 -0.24 0.48 178 242 44
3 0.06948568 -0.22 0.48 165 31 95
5 0.05844749 0.20 0.48 148 60 132
5 0.02946108 0.22 0.48 6 227 23
4 0.07641308 0.44 0.48 210 89 12
5 0.06901865 0.48 0.48 116 208 183
5 0.09947386 -0.78 0.50 143 165 204
4 0.09963906 -0.24 0.50 193 15 89
3 0.08349271 -0.22 0.50 8 180 183
3 0.09865214 0.20 0.50 131 47 8
4 0.04722567 0.22 0.50 185 179 98
6 0.09606620 0.42 0.50 77 184 124
6 0.03430089 0.46 0.50 80 101 8
5 0.05207996 -0.78 0.52 189 113 136
6 0.02204606 0.18 0.52 59 132 34
6 0.06721134 0.40 0.52 209 133 74
3 0.09685160 0.42 0.52 230 244 104
6 0.05804110 0.44 0.52 0 221 168
5 0.09318012 -0.80 0.54 233 142 58
3 0.03404384 -0.78 0.54 255 200 17
5 0.05158150 0.18 0.54 16 96 101
4 0.06400547 0.42 0.54 90 46 219
5 0.05241203 -0.80 0.56 187 197 98
3 0.07449489 -0.40 0.56 90 245 60
6 0.02990233 -0.22 0.56 89 113 226
5 0.09940957 -0.20 0.56 189 78 183
5 0.05053630 0.20 0.56 114 125 166
6 0.05164005 0.40 0.56 5 100 83
6 0.07640915 0.42 0.56 205 55 236
6 0.03953833 -0.76 0.58 3 38 4
4 0.03559166 -0.40 0.58 240 48 199
5 0.05751927 -0.22 0.58 43 176 254
4 0.09605535 0.16 0.58 114 251 78
6 0.02841486 0.18 0.58 32 155 146
6 0.09717611 0.42 0.58 104 77 255
4 0.06302667 -0.40 0.60 168 82 92
3 0.04424614 -0.20 0.60 240 196 47
4 0.03882562 0.18 0.60 42 28 95
6 0.02905284 0.42 0.60 222 9 157
5 0.02531781 0.72 0.60 185 141 136
4 0.03694286 0.74 0.60 159 231 201
5 0.06987406 -0.76 0.62 9 18 21
5 0.03264702 -0.74 0.62 147 63 5
3 0.04769775 -0.38 0.62 243 104 13
4 0.03951085 -0.18 0.62 114 227 232
3 0.08722135 -0.16 0.62 110 64 111
3 0.05692417 0.14 0.62 231 65 25
6 0.03296904 0.40 0.62 22 143 125
3 0.05718458 0.72 0.62 9 52 51
4 0.03843860 -0.72 0.64 236 199 214
3 0.08553152 -0.44 0.64 239 175 158
3 0.09973415 -0.40 0.64 213 64 112
5 0.05666420 -0.38 0.64 15 186 145
4 0.08566058 -0.18 0.64 241 170 248
5 0.05997428 0.12 0.64 116 76 40
4 0.04216262 0.16 0.64 4 0 165
6 0.03749812 0.42 0.64 87 168 195
3 0.06999624 0.44 0.64 164 253 252
3 0.06798944 0.74 0.64 89 3 85
5 0.06724886 -0.74 0.66 42 170 33
6 0.02354721 -0.70 0.66 180 10 36
3 0.03691754 -0.44 0.66 148 156 142
3 0.04917029 -0.16 0.66 100 69 149
3 0.09960207 -0.14 0.66 6 151 185
5 0.05896665 0.10 0.66 81 86 3
3 0.08911319 0.14 0.66 158 28 189
6 0.05528560 0.42 0.66 87 61 136
6 0.06232538 0.46 0.66 6 28 157
3 0.04978190 0.66 0.66 92 151 68
5 0.05305985 0.70 0.66 66 244 114
3 0.09062779 -0.72 0.68 177 75 12
6 0.08355700 -0.70 0.68 97 51 18
6 0.09127633 -0.66 0.68 83 72 19
3 0.08782877 -0.64 0.68 50 66 17
4 0.02811533 -0.50 0.68 15 174 112
4 0.02176181 -0.46 0.68 8 70 209
6 0.08304823 -0.44 0.68 199 18 95
4 0.02941166 -0.40 0.68 220 106 176
6 0.08976499 -0.12 0.68 17 61 205
4 0.04887722 -0.10 0.68 103 57 38
3 0.07773583 0.06 0.68 120 70 79
6 0.03111502 0.10 0.68 65 174 29
5 0.09554035 0.12 0.68 210 150 138
4 0.03893316 0.44 0.68 123 126 64
6 0.09604950 0.48 0.68 195 11 124
6 0.09033797 0.50 0.68 105 127 228
5 0.08247348 0.64 0.68 149 64 40
5 0.06078125 0.68 0.68 138 187 211
5 0.06989075 0.70 0.68 252 243 199
3 0.06431398 0.74 0.68 122 119 101
5 0.05634748 -0.66 0.70 226 187 245
3 0.08708421 -0.64 0.70 141 190 148
5 0.02697876 -0.62 0.70 249 215 186
5 0.05216288 -0.56 0.70 135 60 16
5 0.08111800 -0.54 0.70 141 186 5
4 0.02773180 -0.52 0.70 7 211 234
5 0.08454511 -0.50 0.70 60 183 24
5 0.03786487 -0.40 0.70 206 101 198
4 0.03664270 -0.38 0.70 73 63 205
5 0.09436565 -0.10 0.70 242 75 131
5 0.07629866 -0.08 0.70 99 114 197
5 0.08853396 0.02 0.70 102 31 104
6 0.06317794 0.04 0.70 31 167 26
6 0.06371058 0.06 0.70 43 239 128
6 0.09600269 0.08 0.70 69 56 153
4 0.02463394 0.48 0.70 1 230 200
4 0.04149309 0.58 0.70 240 64 168
4 0.07092580 0.64 0.70 161 96 66
3 0.06264728 0.66 0.70 236 193 183
3 0.08354556 0.72 0.70 175 222 8
6 0.07034283 0.74 0.70 108 113 139
4 0.09020511 -0.62 0.72 134 246 232
5 0.03634051 -0.56 0.72 236 74 234
4 0.08515926 -0.52 0.72 95 82 213
5 0.03842910 -0.06 0.72 68 5 171
5 0.08837054 -0.04 0.72 150 95 16
3 0.08068246 -0.02 0.72 224 199 58
3 0.05793331 0.00 0.72 31 218 229
6 0.08587447 0.52 0.72 43 186 32
5 0.04821989 0.54 0.72 138 129 111
6 0.09652709 0.56 0.72 211 157 91
3 0.03612308 0.58 0.72 252 20 73
5 0.05061965 0.60 0.72 35 200 227
4 0.09190387 0.62 0.72 198 97 116
